2.1143493854999544,19.0
1.8608211183547974,24.34375
1.7065657591819763,27.927083333333332
1.6646045935153961,30.28125
1.545889059305191,32.73125
1.475187439918518,34.875
1.4305453836917876,36.8125
1.352525782585144,38.64453125
1.298162934780121,40.50347222222222
1.2210277086496353,42.125
1.196142930984497,43.44886363636363
1.1955739277601243,44.549479166666664
1.1596943181753159,45.69471153846154
1.1061185896396637,46.77232142857143
1.099329599738121,47.75625
1.2375847083330154,56.375
1.0620647209882736,59.578125
1.0392455625534058,61.177083333333336
0.9698522886633874,62.3671875
0.9434875607490539,63.15
0.9360917347669602,63.671875
0.9242470353841782,64.35714285714286
0.9040690898895264,64.92578125
0.8478980401158333,65.51388888888889
0.8820218113064766,65.88125
0.8073732396960258,66.4375
0.8132745242118835,66.90625
0.797792601287365,67.32211538461539
0.7902723842859268,67.75223214285714
0.783097035586834,68.05
0.7273205494880677,75.15625
0.7831428575515748,74.0625
0.6862079253792763,74.84375
0.7402140468358993,74.625
0.7350827637314796,74.66875
0.6981717213988304,74.875
0.6655763930082321,75.08035714285714
0.7091492560505867,75.09765625
0.7114229506254196,75.11458333333333
0.660080678164959,75.346875
0.7039787092804909,75.36647727272727
0.6898368602991104,75.375
0.6760390740633011,75.39903846153847
0.676839254796505,75.51785714285714
0.6469053919613361,75.625
0.6052810914814473,79.125
0.609223543703556,79.203125
0.6420329651236534,78.51041666666667
0.6679914364218712,78.2265625
0.621518797725439,78.29375
0.6384271588921547,78.38020833333333
0.6026786807179451,78.48660714285714
0.607465383708477,78.54296875
0.6461985430121422,78.4375
0.6076536890864372,78.484375
0.5831751789152623,78.61363636363636
0.5892364358901978,78.69270833333333
0.6118584062159061,78.71875
0.5445894414186477,78.921875
0.572382711917162,78.975
0.5280140902101994,81.9375
0.571386629641056,81.453125
0.5480890920758248,81.53125
0.5465164464712143,81.3984375
0.5585943873226643,81.18125
0.5505756881833076,81.20833333333333
0.5499718463420868,81.15178571428571
0.5408832690119744,81.1484375
0.5405729359388352,81.30902777777777
0.5613548430800438,81.253125
0.5373043206334114,81.21875
0.5453685922920704,81.203125
0.5431978476047515,81.20192307692308
0.5431990897655488,81.14508928571429
0.571105109602213,81.08333333333333
0.5181159628927707,82.6875
0.5019899727404118,82.9375
0.5325828343629837,82.58333333333333
0.4972059963643551,82.59375
0.48970762491226194,82.6875
0.5289360322058201,82.48958333333333
0.5348453785479069,82.29464285714286
0.4993691398203373,82.26171875
0.5216586562991142,82.14583333333333
0.5101253932714462,82.15
0.5110131852328778,82.20454545454545
0.5124325814843178,82.14583333333333
0.5043012242019177,82.1923076923077
0.5084608180820942,82.22544642857143
0.494071034938097,82.27083333333333
0.4931762683391571,82.46875
0.46542066112160685,83.234375
0.4590092849731445,83.625
0.4655867776274681,83.6015625
0.4766505865752697,83.65
0.4804652182757854,83.40625
0.4656035355478525,83.42410714285714
0.487570975869894,83.39453125
0.47014590933918954,83.44444444444444
0.4767636293172836,83.5
0.4882303665578365,83.4346590909091
0.483252929598093,83.40625
0.46715742602944377,83.4326923076923
0.5084362726658582,83.41517857142857
0.47483654171228407,83.44791666666667
0.43817284241318705,84.9375
0.46511092364788054,84.453125
0.43998093128204346,84.78125
0.476430843770504,84.53125
0.4524551847577095,84.46875
0.45734229885041716,84.4375
0.44803804844617845,84.43303571428571
0.442336343228817,84.50390625
0.4634067967534065,84.44444444444444
0.4554313571751118,84.428125
0.47820973083376883,84.33806818181819
0.45640073999762537,84.34114583333333
0.467082092538476,84.3076923076923
0.4537591487169266,84.32589285714286
0.4870198880136013,84.28125
0.40481281109154227,87.09375
0.42518827944993975,86.015625
0.43851303778588774,85.59375
0.43916177019476893,85.609375
0.4340115074813366,85.55
0.45466753020882605,85.34895833333333
0.46999282971024514,85.26785714285714
0.4639966729283333,85.08203125
0.43143428802490236,85.09027777777777
0.4344898168742657,85.15
0.4462816022336483,85.0965909090909
0.4623268239200115,84.9765625
0.43177919909358026,85.0264423076923
0.44528328023850916,85.00446428571429
0.44535801038146017,84.99375
0.42973640859127044,84.84375
0.4344629295170307,85.328125
0.4202765922248364,85.60416666666667
0.42073392622172834,85.5703125
0.3990699508786201,85.73125
0.42126952469348905,85.72916666666667
0.42894446015357973,85.71875
0.4047115744650364,85.72265625
0.412029727101326,85.79861111111111
0.4257389569282532,85.75625
0.41238030679523946,85.76136363636364
0.43928005538880827,85.70052083333333
0.4408315203338862,85.57692307692308
0.4353452554345131,85.51116071428571
0.4409278706461191,85.46458333333334
0.3867788916826248,86.78125
0.40800336889922617,86.4375
0.4316567912697792,85.94791666666667
0.40186552934348585,85.921875
0.39861546382308005,86.0
0.42451253928244115,85.92708333333333
0.39861027389764786,85.99107142857143
0.40061201848089695,86.03515625
0.4375344717502594,85.89583333333333
0.40374684527516363,85.834375
0.3995816917717457,85.9403409090909
0.42260102927684784,85.94010416666667
0.4174706007540226,85.91826923076923
0.39916186839342116,85.953125
0.39983927860856056,85.9875
0.4172323539853096,86.125
0.3995174765586853,86.203125
0.3963898441940546,86.05208333333333
0.37252436853945253,86.4140625
0.3676743955910206,86.425
0.4265584018826485,86.265625
0.40683905452489855,86.125
0.40643707498908044,86.109375
0.43607946306467055,85.95486111111111
0.4185136280953884,85.853125
0.4226544775813818,85.85227272727273
0.38314027301967146,85.87239583333333
0.37048055209219455,86.03125
0.39560608997941016,86.02455357142857
0.41776947744190696,86.01041666666667
0.39283232800662515,86.75
0.3656561494618654,87.15625
0.35555644519627094,87.40625
0.3932134535163641,87.15625
0.3851945309340954,87.0625
0.3903113903850317,87.02604166666667
0.3777652950584888,86.99107142857143
0.3863804282993078,86.9453125
0.3770869369059801,86.95833333333333
0.3859019963443279,86.9375
0.36387308649718764,86.94602272727273
0.40149527467787266,86.9453125
0.3781274477392435,86.94471153846153
0.4330118097364902,86.82142857142857
0.40246757827699187,86.8
0.3821826950460672,87.21875
0.36449179984629154,87.09375
0.3720971530675888,87.3125
0.3973656971752644,86.984375
0.35696545273065566,87.20625
0.3607775866985321,87.27083333333333
0.383066221922636,87.19196428571429
0.41959536738693715,87.0546875
0.3963069995492697,87.03125
0.3890983009338379,86.95
0.3859271801263094,86.90625
0.4031917333602905,86.84635416666667
0.40404736183583734,86.80288461538461
0.3834686184674501,86.87053571428571
0.39388551488518714,86.83333333333333
0.3534852708131075,88.5625
0.36171260476112366,88.296875
0.3523317750543356,88.125
0.38422752007842065,87.875
0.38365714371204374,87.7
0.37922920145094396,87.59375
0.39654112450778484,87.47767857142857
0.3576331900060177,87.54296875
0.37649594828486443,87.39236111111111
0.38103625908493993,87.359375
0.3739711337536573,87.38352272727273
0.39279889322817324,87.30729166666667
0.37211182780563834,87.36298076923077
0.3743324376642704,87.36607142857143
0.36281652241945267,87.41041666666666
0.31752885662019253,89.125
0.3555497742444277,88.28125
0.3538728717714548,87.875
0.36619873002171516,87.84375
0.3657698402553797,87.88125
0.3420115406066179,87.921875
0.384276687130332,87.65625
0.3931252861022949,87.53515625
0.36821006655693056,87.50347222222223
0.3733063028752804,87.39375
0.3611323808133602,87.48295454545455
0.3416501632332802,87.5546875
0.39889807015657425,87.48557692307692
0.35701027400791646,87.50223214285714
0.3944314870238304,87.40416666666667
0.31599503219127656,89.25
0.3352657889574766,88.75
0.3342252656817436,88.61458333333333
0.3587161726504564,88.453125
0.3387641626596451,88.54375
0.349603605940938,88.41666666666667
0.3742032631486654,88.24107142857143
0.33983495019376275,88.2109375
0.3712082336843014,88.15277777777777
0.37399344503879545,88.053125
0.39632367350161074,87.89204545454545
0.3617889080941677,87.8671875
0.38471064560115337,87.8076923076923
0.39142247594892976,87.72767857142857
0.35880187183618545,87.73333333333333
0.3246221219748259,88.75
0.3250801704078913,89.0
0.32673366397619247,89.0625
0.33130054727196695,88.9609375
0.3433805331215262,88.8125
0.35500262573361396,88.609375
0.3497854807972908,88.50892857142857
0.38743164017796516,88.3046875
0.3502590348944068,88.32291666666667
0.3666235302388668,88.196875
0.3628770721703768,88.16761363636364
0.3615722250193357,88.10677083333333
0.36796177446842193,88.05048076923077
0.37220934487879276,87.93526785714286
0.36504114311188457,87.92708333333333
0.30292948804795744,89.8125
0.32897988297045233,89.015625
0.328179329931736,88.82291666666667
0.31366634905338286,88.9296875
0.3379326847195625,88.76875
0.35120379738509655,88.69791666666667
0.33966042306274175,88.70089285714286
0.34451592579483986,88.65234375
0.35377632699906825,88.56597222222223
0.3687494586408138,88.4375
0.3698555475473404,88.30113636363636
0.3521135489270091,88.296875
0.3520611568540335,88.29567307692308
0.3410309110581875,88.29910714285714
0.35594747148454187,88.25
0.3153914009779692,89.25
0.3277890109270811,89.359375
0.33814071767032144,89.09375
0.3276964329183102,88.984375
0.35144315406680104,88.74375
0.3424139707535505,88.58333333333333
0.31507742539048195,88.70089285714286
0.35607902996242047,88.60546875
0.3439020995050669,88.54513888888889
0.3366817192733288,88.553125
0.35039532400667667,88.57670454545455
0.36192889757454394,88.4375
0.37520590987056496,88.35336538461539
0.34508816346526144,88.36607142857143
0.3673127555847168,88.2625
0.33893788531422614,88.28125
0.3191607668995857,88.578125
0.3332389893382788,88.71875
0.31078076630830764,88.828125
0.36813107304275033,88.59375
0.31285439535975457,88.70833333333333
0.3444292770326138,88.69196428571429
0.32973557122051717,88.65234375
0.33335184134542944,88.64583333333333
0.3539952867478132,88.621875
0.33323345981538294,88.61363636363636
0.3636078841611743,88.5546875
0.32325637266039847,88.57451923076923
0.3691485895961523,88.47544642857143
0.3671908001601696,88.39375
0.3110328287631273,89.34375
0.29096434205770494,89.59375
0.33532369434833526,89.39583333333333
0.29837409146130084,89.4921875
0.312073007710278,89.46875
0.3403687085956335,89.25520833333333
0.3330060265213251,89.14285714285714
0.36541986718773845,88.8984375
0.3655992805212736,88.77430555555556
0.33859518900513647,88.725
0.34191795796155927,88.69318181818181
0.3639462009072304,88.625
0.33002795942127705,88.64182692307692
0.3333697858452797,88.671875
0.3628029791265726,88.62708333333333
0.3002845638245344,89.5625
0.31245326180011035,89.4375
0.28219219341874124,90.05208333333333
0.3232627695053816,89.8046875
0.31655658170580864,89.73125
0.3303974299132824,89.57291666666667
0.3755378957092762,89.26339285714286
0.3338202088326216,89.13671875
0.3191661888360977,89.125
0.3359604973345995,89.090625
0.3399621470272541,89.0596590909091
0.33926636930555104,89.00260416666667
0.3071922228485346,89.08413461538461
0.3560533394664526,89.02678571428571
0.36557103544473646,88.95
0.3194992256723344,89.75
0.2870395942777395,90.015625
0.3067711780965328,89.91666666666667
0.3205536135286093,89.7578125
0.3150704924762249,89.71875
0.3306668988242745,89.57291666666667
0.3142461806163192,89.52678571428571
0.3353486792370677,89.421875
0.34139247208833695,89.33333333333333
0.31267123222351073,89.3625
0.3283936006575823,89.32386363636364
0.32342291198670864,89.23697916666667
0.3335033080726862,89.20192307692308
0.35821366280317307,89.08928571428571
0.3375462435930967,89.09791666666666
0.31748697251081465,89.375
0.2929739585518837,89.8125
0.3022917290776968,89.80208333333333
0.284575451426208,90.015625
0.29620968729257585,89.93125
0.3426010162383318,89.71354166666667
0.3139510774612427,89.58035714285714
0.33444481030106543,89.42578125
0.3065839468874037,89.39930555555556
0.3379706512391567,89.29375
0.31766996286809446,89.30397727272727
0.3486287575960159,89.1953125
0.3372728498280048,89.14903846153847
0.32775625575333833,89.12053571428571
0.34222297474741936,89.10833333333333
0.3004215555265546,90.0625
0.2984547881782055,89.71875
0.29318535178899763,89.91666666666667
0.3025326939299703,89.7265625
0.31861243814229967,89.59375
0.30496143966913225,89.671875
0.3027038892358542,89.69642857142857
0.34898442678153513,89.5625
0.32615987792611123,89.52083333333333
0.3202777335047722,89.515625
0.33805341459810734,89.48011363636364
0.31916121549904347,89.46875
0.31452021971344946,89.45432692307692
0.316903682872653,89.41741071428571
0.3359723896533251,89.3875
0.2974962432682514,89.875
0.26652812797576186,90.46875
0.27848696800880135,90.41666666666667
0.3270459995418787,89.9921875
0.36911466777324675,89.5375
0.30421115972101687,89.515625
0.3081103451550007,89.52678571428571
0.3271749161183834,89.40625
0.3134740826487541,89.38888888888889
0.321181485876441,89.378125
0.325124745182693,89.3096590909091
0.32688318498432634,89.29166666666667
0.30755560122430325,89.36298076923077
0.3323611486330628,89.30580357142857
0.3439388431608677,89.24583333333334
0.29222104493528606,90.34375
0.3089760048687458,89.953125
0.2808870216831565,90.15625
0.2756562361493707,90.421875
0.28353505123406647,90.38125
0.33745385430753233,90.02604166666667
0.2902590026706457,90.02678571428571
0.30793149299919603,89.97265625
0.33442279007285836,89.80555555555556
0.31646223813295365,89.740625
0.29490407288074494,89.76704545454545
0.33310802571475506,89.6796875
0.3231924003921449,89.63221153846153
0.3396912635117769,89.52455357142857
0.3319226248189807,89.49375
0.29471116706728934,90.3125
0.31344824373722074,89.859375
0.3217324239760637,89.59375
0.2992785217240453,89.6640625
0.3070593627914786,89.66875
0.32504365526139734,89.54166666666667
0.2767931580543518,89.69642857142857
0.3208731369674206,89.625
0.30952919103205206,89.58333333333333
0.30235606133937837,89.63125
0.3130350920185447,89.64772727272727
0.32541469238698484,89.60677083333333
0.31747836314141753,89.61298076923077
0.29505989748984573,89.62723214285714
0.3096887949854136,89.64583333333333
0.3075170648097992,89.65625
0.25694944147020576,90.546875
0.2971563357114792,90.53125
0.3092634957283735,90.28125
0.31809670716524124,90.06875
0.2961104974150658,90.11458333333333
0.30316674210131167,90.08928571428571
0.2936250755563378,90.07421875
0.2892961057275534,90.07986111111111
0.3033473789319396,90.03125
0.3017127599567175,89.96875
0.31381090767681596,89.90104166666667
0.3019360425323248,89.86298076923077
0.3151362670958042,89.86607142857143
0.3139180379360914,89.82708333333333
0.2678303126618266,91.15625
0.3146588096395135,90.515625
0.29956199660897254,90.30208333333333
0.27190041096881035,90.6171875
0.29716058894991876,90.50625
0.3153323023021221,90.35416666666667
0.29096159225329754,90.28571428571429
0.300459855850786,90.26171875
0.32005409866571427,90.15625
0.2795025756210089,90.215625
0.3000182481110096,90.16761363636364
0.2951651372388005,90.14322916666667
0.3462450215220451,89.9375
0.326980539560318,89.859375
0.32383043982088566,89.7875
0.2590220722556114,90.75
0.32331679690629245,89.9375
0.2998864274844527,89.84375
0.28057826329022645,90.03125
0.28631095118820665,90.04375
0.2888829129934311,90.10416666666667
0.3180141679942608,89.91071428571429
0.2898248361796141,89.984375
0.32391955897212027,89.86805555555556
0.2912973104417324,89.8875
0.31736515954136846,89.83806818181819
0.3101126230508089,89.80729166666667
0.32157167606055737,89.76923076923077
0.32666246183216574,89.72767857142857
0.31988828085362914,89.67916666666666
0.26017175801098347,90.65625
0.2864590590074658,90.5625
0.27943033035844567,90.54166666666667
0.30491051778197287,90.2421875
0.2824443415552378,90.225
0.29903278827667235,90.15104166666667
0.31876661695539954,89.94196428571429
0.277045969851315,90.06640625
0.28669166266918183,90.07291666666667
0.30976955957710745,90.040625
0.2970286531746387,90.03693181818181
0.2921707956492901,90.06770833333333
0.3127935416251421,89.98798076923077
0.3024211987480521,90.00223214285714
0.3041800217330456,89.96875
0.2616316048055887,90.75
0.2978810885548592,90.015625
0.2742212725803256,90.39583333333333
0.2750572021305561,90.4453125
0.2935227053612471,90.4125
0.2981460916250944,90.390625
0.26741058357059955,90.45535714285714
0.29427796460688116,90.41796875
0.31814523849636317,90.27430555555556
0.3047925789654255,90.2625
0.3085354623198509,90.19602272727273
0.289430774115026,90.20052083333333
0.29108347699046133,90.16826923076923
0.3117348860576749,90.08705357142857
0.31916729494929313,90.03333333333333
0.24751730479300021,91.75
0.2738938140496612,91.40625
0.26300911013036965,91.5
0.2788549288362265,91.40625
0.3003996575623751,90.96875
0.33871542029082774,90.58333333333333
0.27382807709276674,90.61160714285714
0.26260885808616874,90.64453125
0.2986870029196143,90.58333333333333
0.3032965264469385,90.521875
0.3043465754389763,90.51420454545455
0.2714146039634943,90.54427083333333
0.327794883325696,90.42067307692308
0.3113051183521748,90.39955357142857
0.2943308769725263,90.34583333333333
0.27549001526087524,90.3125
0.24705357057973742,90.921875
0.29598819568753243,90.61458333333333
0.27348672952502967,90.625
0.30394563511013983,90.475
0.2714079598709941,90.49479166666667
0.3026404096931219,90.30357142857143
0.2966460385918617,90.25
0.30936762385070327,90.16319444444444
0.2945596969127655,90.1875
0.2902145737037063,90.20738636363636
0.2878677590191364,90.1875
0.2851589852571487,90.18509615384616
0.29105639815330503,90.20982142857143
0.32235704638063906,90.14791666666666
0.25801775600761173,91.46875
0.27172427032142876,91.078125
0.2517588044703007,91.17708333333333
0.24723292730748653,91.4453125
0.27978206589818,91.18125
0.30310394704341886,90.86979166666667
0.27324336091056467,90.84821428571429
0.29892891824245454,90.74609375
0.3201261818036437,90.58333333333333
0.2966636825539172,90.515625
0.30283997565507886,90.43181818181819
0.2837841748073697,90.44010416666667
0.31944485012441876,90.3389423076923
0.28074496120214465,90.33705357142857
0.2988847715035081,90.29375
0.2655003283917904,90.875
0.27737375263124703,90.6875
0.26610342238098383,90.875
0.2595812240242958,91.0
0.2835371305420995,90.85625
0.256221208833158,90.921875
0.3106774770282209,90.66071428571429
0.2948557452857494,90.61328125
0.3014577189832926,90.50347222222223
0.2873850191012025,90.509375
0.3156089013069868,90.36079545454545
0.2864114367030561,90.33333333333333
0.3047850052267313,90.30048076923077
0.2549022575840354,90.375
0.2863138737156987,90.35
0.24814625758677722,91.28125
0.26063127592206004,91.375
0.29929943099617956,90.78125
0.318394799567759,90.40625
0.2565543082728982,90.71875
0.28648694053292273,90.65104166666667
0.27069087862968444,90.67857142857143
0.27269776120781897,90.671875
0.30449154116213323,90.59027777777777
0.28999787449836734,90.565625
0.29674091655761003,90.45738636363636
0.3089234860613942,90.38802083333333
0.29028285022825,90.3389423076923
0.291852305456996,90.30357142857143
0.3052205231785774,90.27916666666667
0.23590725582093,92.46875
0.27177217058837416,91.640625
0.27679602708667517,91.39583333333333
0.2727782121673226,91.375
0.24824589017778634,91.4625
0.2631495478004217,91.375
0.2913287812843919,91.24553571428571
0.27453579563647507,91.17578125
0.290321400500834,91.06597222222223
0.27868817452341316,91.065625
0.2901371497660875,91.00852272727273
0.32705384969711304,90.8359375
0.3145966908708215,90.79326923076923
0.2812585489079356,90.80580357142857
0.30659226624295116,90.70625
0.2820839411020279,90.34375
0.25673505969345567,90.859375
0.23019977383315562,91.13541666666667
0.2893085048720241,91.0078125
0.28510238490998746,90.8375
0.26852385137230156,90.90625
0.2971132817864418,90.79017857142857
0.27079935915768144,90.78515625
0.2801459688693285,90.74652777777777
0.27066653430461884,90.696875
0.3056332365423441,90.55113636363636
0.2851586955040693,90.60416666666667
0.2978696274384856,90.58173076923077
0.309374583363533,90.50669642857143
0.27791252575814723,90.4625
0.24612097546458245,91.875
0.22812803126871586,92.0
0.2877731443941593,91.47916666666667
0.2609000610560179,91.40625
0.2705885360017419,91.28125
0.2920688084512949,91.10416666666667
0.27256336169317363,91.03571428571429
0.2714611010998487,91.03125
0.2735117499530315,91.05208333333333
0.2692730128765106,91.090625
0.3093121488392353,90.91477272727273
0.28392577894032,90.87760416666667
0.29445536904037,90.81009615384616
0.2899984585121274,90.76785714285714
0.2911540491878986,90.72083333333333
0.25317126743495466,91.75
0.24841724580153823,91.75
0.2759279979020357,91.42708333333333
0.30313882417976856,91.046875
0.25044020511209963,91.14375
0.265936145670712,91.13020833333333
0.26610850531607866,91.12946428571429
0.27976550586521626,91.05078125
0.25708430907689034,91.09027777777777
0.2580091003328562,91.13125
0.2643795167002827,91.13636363636364
0.30742604479193686,91.04427083333333
0.2795956214517355,91.00961538461539
0.3003615641593933,90.96875
0.3080749802291393,90.90833333333333
0.233629676643759,92.34375
0.2546761522814631,91.546875
0.2623447774723172,91.63541666666667
0.2610201884433627,91.46875
0.28437429692596194,91.2
0.25915646947920323,91.15104166666667
0.27012459218502044,91.00892857142857
0.2532226055860519,91.1328125
0.2995720683783293,91.03472222222223
0.2832046497985721,90.984375
0.2922706799954176,90.92897727272727
0.26543085858225823,90.953125
0.29337164081633094,90.86778846153847
0.3133738552033901,90.74553571428571
0.2681907844170928,90.78333333333333
0.2532856504246592,91.40625
0.23759468676522374,91.75
0.2456280268728733,91.61458333333333
0.2981742007285357,91.21875
0.2694452412426472,91.1625
0.2605983621813357,91.25
0.30169466376304627,91.00892857142857
0.2782576534152031,90.9921875
0.2735937569104135,90.92361111111111
0.29046986244618894,90.815625
0.2694780919700861,90.83238636363636
0.29697646502405406,90.75520833333333
0.2768600948341191,90.70192307692308
0.3023445689678192,90.60491071428571
0.29601552516222,90.55416666666666
0.23338194947689772,91.6875
0.23391833130270243,91.859375
0.28172017984092235,91.51041666666667
0.2544002340361476,91.5390625
0.285560705140233,91.23125
0.2431218506395817,91.25520833333333
0.2777499511837959,91.1875
0.2709090240299702,91.16015625
0.25532879803329706,91.125
0.2745602526143193,91.109375
0.2779237642139196,91.11079545454545
0.30334214352071287,91.00520833333333
0.29009828079491856,90.94951923076923
0.2940015272051096,90.89508928571429
0.3199448799341917,90.81666666666666
0.2160426938533783,93.09375
0.24352760899811984,92.40625
0.2605897882580757,92.0625
0.23610824584960938,92.09375
0.27923298805952074,91.8
0.2757666029408574,91.671875
0.2889456009864807,91.40178571428571
0.263935434250161,91.32421875
0.3111270168982446,91.13194444444444
0.25063901592046023,91.146875
0.2861459282785654,91.03125
0.2906037263944745,90.96354166666667
0.2822211276367307,90.90625
0.30726192642003297,90.84375
0.2732261235266924,90.87916666666666
0.24123552951961755,91.65625
0.23938449360430242,91.796875
0.24504245303571223,91.77083333333333
0.23412238677963615,91.96875
0.3017312289401889,91.4875
0.27559856362640855,91.41145833333333
0.27650417789816856,91.38839285714286
0.2807723002508283,91.3828125
0.2316715956479311,91.46180555555556
0.31193665429949763,91.25
0.3023330544680357,91.13920454545455
0.29012972325086595,91.0859375
0.28553248338401316,91.06009615384616
0.29518639981746675,90.96875
0.2873042608425021,90.93541666666667
0.2278355423361063,92.125
0.2507880748342723,91.875
0.26100421633571386,91.45833333333333
0.2426898718252778,91.46875
0.2625938619673252,91.40625
0.2826502975076437,91.25520833333333
0.2906813597679138,91.11607142857143
0.2751977700740099,91.10546875
0.28273150205612185,90.99305555555556
0.2553489720821381,91.009375
0.27766198586672547,91.0028409090909
0.2601278953999281,90.96875
0.27219176962971686,90.99278846153847
0.30723598644137384,90.90625
0.2646016461029649,90.94791666666667
0.2473078493028879,91.78125
0.2358857985585928,92.109375
0.269282776042819,91.58333333333333
0.2655095073580742,91.4453125
0.24296753030270338,91.60625
0.28919120613485577,91.359375
0.2729494220763445,91.32142857142857
0.23723152421414853,91.3828125
0.27024452567100526,91.28472222222223
0.2753099111840129,91.203125
0.2823030227422714,91.1278409090909
0.2694269877672195,91.07552083333333
0.27538155794143676,91.03846153846153
0.2566560808196664,91.07142857142857
0.29808291524648667,90.9875
0.24055368341505529,91.9375
0.22599302615970374,92.203125
0.2358559088781476,92.0
0.26222816355526446,91.8671875
0.28007869992405177,91.5625
0.26989192217588426,91.43229166666667
0.2789246457070112,91.27232142857143
0.2794658239558339,91.140625
0.2804779771529138,91.0625
0.26492827754467724,91.065625
0.30468983205035327,90.94602272727273
0.28034796673804524,90.89583333333333
0.2918187674880028,90.90865384615384
0.2942832085490227,90.81473214285714
0.27348761472851035,90.83541666666666
0.22369046803563833,92.59375
0.21873542217537761,92.59375
0.237692354246974,92.40625
0.2498967330902815,92.234375
0.2760126657783985,92.0
0.25874217599630356,91.88541666666667
0.25543054519221187,91.79464285714286
0.27629039246588943,91.68359375
0.2819963661953807,91.51736111111111
0.29134016290307047,91.434375
0.2769073185697198,91.35511363636364
0.27846259251236916,91.265625
0.2928551917895675,91.21153846153847
0.2684082178771496,91.18973214285714
0.27176853392273187,91.18333333333334
0.2626077114790678,91.40625
0.26874981600791215,91.3125
0.2398657627776265,91.36458333333333
0.2619116558134556,91.2890625
0.2274786450713873,91.43125
0.3022146998718381,91.18229166666667
0.24212903648614884,91.29017857142857
0.2335006285086274,91.2890625
0.28250389739871024,91.14583333333333
0.3064068530499935,91.025
0.26637652087956665,91.02272727272727
0.29850616682320835,91.01041666666667
0.2743184194713831,91.00721153846153
0.3257126211002469,90.84821428571429
0.2875451791658998,90.84166666666667
0.2154095695540309,92.75
0.2580738143064082,92.09375
0.27198728166520597,91.83333333333333
0.25482956387102607,91.640625
0.24190249133855105,91.68125
0.24687120109796523,91.75520833333333
0.25640848618000744,91.75892857142857
0.25141470942646266,91.71484375
0.2667364498227835,91.65625
0.2664545815810561,91.584375
0.2992482457309961,91.39772727272727
0.27774897269904614,91.34375
0.2854837052896619,91.26923076923077
0.2953957548364997,91.16517857142857
0.27421750370413067,91.14583333333333
0.23689215753227472,91.46875
0.25213118229061365,91.421875
0.23514790153130888,91.66666666666667
0.2421546369465068,91.7421875
0.24688977310433985,91.7375
0.24608555348590017,91.71354166666667
0.25519613835960625,91.70535714285714
0.25614588711410763,91.6640625
0.26916735839098693,91.61458333333333
0.2552585624158382,91.553125
0.27194235906004904,91.47727272727273
0.2946806461364031,91.37760416666667
0.27120507147163153,91.36298076923077
0.2821385388076305,91.30357142857143
0.2944245506823063,91.20833333333333
0.2345962418615818,91.75
0.24443542443215846,91.8125
0.2569378961250186,91.73958333333333
0.2722014251351357,91.6484375
0.24242675729095936,91.625
0.22950674414634706,91.69270833333333
0.25133640203624963,91.67857142857143
0.28867563992738726,91.4921875
0.25810983538627624,91.42708333333333
0.25509898088872435,91.43125
0.27302380817010996,91.3721590909091
0.2764632552489638,91.29947916666667
0.2792342085391283,91.23317307692308
0.25960686163976787,91.25
0.25697807997465133,91.26458333333333
0.2614303619787097,91.28125
0.22000595102086662,92.109375
0.23224344657734036,92.16666666666667
0.23049598678946495,92.1796875
0.26090283270925285,92.05625
0.23060364928096533,92.08854166666667
0.29515192061662676,91.80803571428571
0.3026635630428791,91.5546875
0.2828722681850195,91.45486111111111
0.2816666845604777,91.334375
0.25755860432982447,91.30397727272727
0.2589889191836119,91.30729166666667
0.2792237064987421,91.27403846153847
0.2794051543623209,91.22321428571429
0.2877040232345462,91.125
0.18887651659548282,93.40625
0.2583556788042188,92.296875
0.2548916066810489,91.91666666666667
0.26484077926725147,91.7109375
0.2618975438922644,91.6
0.24412529733031987,91.66666666666667
0.29524665666744115,91.40178571428571
0.23922598551958799,91.4609375
0.2830092632398009,91.34375
0.263763278555125,91.296875
0.29978984232991934,91.17045454545455
0.2681410565972328,91.16145833333333
0.27332319123670457,91.11298076923077
0.2954930344596505,91.04910714285714
0.27043233849108217,91.02083333333333
0.2256896236911416,92.34375
0.24131295086815954,92.078125
0.24669299386441707,92.08333333333333
0.2666841246560216,91.71875
0.2381891891360283,91.7125
0.27568582084029913,91.58854166666667
0.267097648717463,91.54464285714286
0.22420650389045477,91.625
0.2423984009027481,91.63194444444444
0.2828321636468172,91.546875
0.2647865438461304,91.53125
0.28101379483938216,91.484375
0.3050923277810216,91.36778846153847
0.2785340466722846,91.30580357142857
0.27541901256889106,91.29375
0.25323394011706113,90.96875
0.24518781635910272,91.234375
0.2530664647370577,91.36458333333333
0.2047482506930828,91.7578125
0.2732218562811613,91.425
0.2645580240152776,91.35416666666667
0.2739109230786562,91.28125
0.25534560918807986,91.31640625
0.26075890969485044,91.28819444444444
0.23814523870125412,91.315625
0.2849202921614051,91.2471590909091
0.28868430873379114,91.22916666666667
0.2491071641817689,91.24038461538461
0.3002241317555308,91.140625
0.2685652857273817,91.11666666666666
